2.1407625675,
2.1358749866,
2.1358749866,
2.2189638614,
2.1358749866,
2.1358749866,
2.1407625675,
2.1456501483,
2.1358749866,
2.2287390232,
2.1114368438,
2.1358749866,
2.1358749866,
2.1652004718,
2.1358749866,
2.1358749866,
2.1163244247,
2.1358749866,
2.1554253101,
2.1505377292,
2.1749756336,
2.1358749866,
2.1309874057,
2.1358749866,
2.1358749866,
2.1309874057,
2.1945259571,
2.4291300773,
2.1309874057,
2.1407625675,
2.1456501483,
2.1358749866,
2.1309874057,
2.1114368438,
2.1358749866,
2.1309874057,
2.1505377292,
2.1847507953,
2.1358749866,
2.1358749866,
2.1407625675,
2.1358749866,
2.1358749866,
2.2238514423,
2.1358749866,
2.1358749866,
2.1407625675,
2.1505377292,
2.1505377292,
2.4584555625,
2.1358749866,
2.1358749866,
2.1358749866,
2.1652004718,
2.1554253101,
2.1358749866,
2.1358749866,
2.1407625675,
2.1358749866,
2.1798632144,
2.4877810478,
2.1358749866,
2.1309874057,
2.1456501483,
2.1358749866,
2.1309874057,
2.3998045921,
2.1358749866,
2.1358749866,
2.1505377292,
2.1749756336,
2.1358749866,
2.1309874057,
2.1407625675,
2.1358749866,
2.1358749866,
2.2140762805,
2.1358749866,
2.1358749866,
2.1407625675,
2.1652004718,
2.1358749866,
2.4682307243,
2.1358749866,
2.1358749866,
2.1358749866,
2.1603128910,
2.1358749866,
2.1505377292,
2.1358749866,
2.1407625675,
2.1358749866,
2.1700880527,
2.4926686286,
2.1358749866,
2.1358749866,
2.1603128910,
2.1358749866,
2.1358749866,
2.4584555625,
2.1358749866,
2.1309874057,
2.1456501483,
2.1603128910,
2.1358749866,
2.1358749866,
2.1358749866,
2.1358749866,
2.1358749866,
2.1700880527,
2.4926686286,
2.1358749866,
2.1358749866,
2.1407625675,
2.1358749866,
2.1309874057,
2.4340176582,
2.1358749866,
2.1358749866,
2.1456501483,
2.1700880527,
2.1358749866,
2.1309874057,
2.1358749866,
2.1358749866,
2.1309874057,
2.1896383762,
2.1358749866,
2.1358749866,
2.1358749866,
2.1407625675,
2.1358749866,
2.2140762805,
2.1114368438,
2.1358749866,
2.1358749866,
2.1505377292,
2.1358749866,
2.1358749866,
2.1163244247,
2.1603128910,
2.1358749866,
2.1505377292,
2.1798632144,
2.1407625675,
2.1358749866,
2.1407625675,
2.1358749866,
2.1358749866,
2.1896383762,
2.1358749866,
2.1505377292,
2.1407625675,
2.1456501483,
2.1358749866,
2.2140762805,
2.4291300773,
2.1358749866,
2.1309874057,
2.1652004718,
2.1554253101,
2.1358749866,
2.1114368438,
2.1358749866,
2.1358749866,
2.1505377292,
2.1749756336,
2.1358749866,
2.1358749866,
2.1358749866,
2.1358749866,
2.1358749866,
2.1798632144,
2.4926686286,
2.1358749866,
2.1358749866,
2.1456501483,
2.1358749866,
2.1358749866,
2.4780058860,
2.1358749866,
2.1358749866,
2.1407625675,
2.1603128910,
2.1309874057,
2.4144673347,
2.1358749866,
2.1358749866,
2.1309874057,
2.1652004718,
2.1358749866,
2.1358749866,
2.1358749866,
2.1407625675,
2.1505377292,
2.1749756336,
2.4975562095,
2.1358749866,
2.1505377292,
2.1456501483,
2.1456501483,
2.1407625675,
2.4877810478,
2.1505377292,
2.1358749866,
2.1456501483,
2.1700880527,
2.1358749866,
2.3607037067,
2.1407625675,
2.1358749866,
2.1358749866,
2.1798632144,
2.1407625675,
2.1358749866,
2.1407625675,
2.1456501483,
2.1554253101,
2.2043011188,
2.4242424964,
2.1358749866,
2.1358749866,
2.1505377292,
2.1358749866,
2.1407625675,
2.1114368438,
2.1407625675,
2.1358749866,
2.1554253101,
2.1896383762,
2.1358749866,
2.1358749866,
2.1407625675,
2.1554253101,
2.1358749866,
2.2043011188,
2.4144673347,
2.1358749866,
2.1407625675,
2.1456501483,
2.1358749866,
2.1358749866,
2.1114368438,
2.1358749866,
2.1358749866,
2.1505377292,
2.1749756336,
2.1358749866,
2.1212120056,
2.1358749866,
2.1358749866,
2.1358749866,
2.1896383762,
2.1358749866,
2.1358749866,
2.1407625675,
2.1456501483,
2.1358749866,
2.1994135379,
2.4389052391,
2.1358749866,
2.1554253101,
2.1456501483,
2.1358749866,
2.1358749866,
2.3998045921,
2.1407625675,
2.1358749866,
2.1505377292,
2.1652004718,
2.1407625675,
2.3802542686,
2.1407625675,
2.1358749866,
2.1358749866,
2.1700880527,
2.1358749866,
2.1554253101,
2.1407625675,
2.1456501483,
2.1358749866,
2.1749756336,
2.2482893466,
2.1358749866,
2.1358749866,
2.1407625675,
2.1358749866,
2.1554253101,
2.2434017658,
2.1163244247,
2.1358749866,
2.1456501483,
2.1505377292,
2.1358749866,
2.1358749866,
2.1309874057,
2.1358749866,
2.1505377292,
2.1554253101,
2.1896383762,
2.1358749866,
2.1554253101,
2.1407625675,
2.1358749866,
2.1358749866,
2.2043011188,
2.1358749866,
2.1358749866,
2.1407625675,
2.1505377292,
2.1358749866,
2.2336266040,
2.1114368438,
2.1358749866,
2.1358749866,
2.1505377292,
2.1358749866,
2.1358749866,
2.1163244247,
2.1407625675,
2.1358749866,
2.1554253101,
2.1896383762,
2.1358749866,
2.1309874057,
2.1407625675,
2.1358749866,
2.1358749866,
2.1994135379,
2.1358749866,
2.1358749866,
2.1407625675,
2.1456501483,
2.1358749866,
2.2287390232,
2.1114368438,
2.1358749866,
2.1358749866,
2.1505377292,
2.1358749866,
2.1358749866,
2.1407625675,
2.1407625675,
2.1358749866,
2.1603128910,
2.2287390232,
2.1358749866,
2.1358749866,
2.1456501483,
2.1554253101,
2.1358749866,
2.4975562095,
2.1309874057,
2.1358749866,
2.1456501483,
2.1603128910,
2.1358749866,
2.1358749866,
2.1407625675,
2.1407625675,
2.1358749866,
2.1749756336,
2.5171065330,
2.1358749866,
2.1407625675,
2.1456501483,
2.1358749866,
2.1358749866,
2.4291300773,
2.1554253101,
2.1358749866,
2.1505377292,
2.1749756336,
2.1407625675,
2.1163244247,
2.1407625675,
2.1554253101,
2.1554253101,
2.1945259571,
2.1358749866,
2.1358749866,
2.1407625675,
2.1505377292,
2.1358749866,
2.5024437904,
2.1309874057,
2.1358749866,
2.1358749866,
2.1603128910,
2.1358749866,
2.1358749866,
2.1358749866,
2.1407625675,
2.1358749866,
2.1847507953,
2.4584555625,
2.1358749866,
2.1505377292,
2.1505377292,
2.1358749866,
2.1554253101,
2.1407625675,
2.1407625675,
2.1358749866,
2.1847507953,
2.2336266040,
2.1358749866,
2.1358749866,
2.1456501483,
2.1358749866,
2.1554253101,
2.4242424964,
2.1603128910,
2.1358749866,
2.1505377292,
2.1749756336,
2.1358749866,
2.1358749866,
2.1407625675,
2.1358749866,
2.1358749866,
2.2238514423,
2.1358749866,
2.1309874057,
2.1407625675,
2.1554253101,
2.1358749866,
2.4291300773,
2.1358749866,
2.1505377292,
2.1358749866,
2.1749756336,
2.1358749866,
2.1407625675,
2.1603128910,
2.1456501483,
2.1358749866,
2.2336266040,
2.1163244247,
2.1358749866,
2.1358749866,
2.1554253101,
2.1554253101,
2.1358749866,
2.1358749866,
2.1554253101,
2.1358749866,
2.1652004718,
2.2287390232,
2.1358749866,
2.1358749866,
2.1603128910,
2.1358749866,
2.1358749866,
2.4535679817,
2.1358749866,
2.1505377292,
2.1505377292,
2.1749756336,
2.1358749866,
2.1358749866,
2.1407625675,
2.1358749866,
2.1358749866,
2.1994135379,
2.4486804008,
2.1358749866,
2.1407625675,
2.1505377292,
2.1358749866,
2.1358749866,
2.1358749866,
2.1358749866,
2.1358749866,
2.1652004718,
2.2580645084,
2.1358749866,
2.1358749866,
2.1407625675,
2.1358749866,
2.1358749866,
2.4046921730,
2.1358749866,
2.1358749866,
2.1505377292,
2.1847507953,
2.1358749866,
2.1358749866,
2.1407625675,
2.1358749866,
2.1358749866,
2.2238514423,
2.1358749866,
2.1358749866,
2.1603128910,
2.1700880527,
2.1358749866,
2.4389052391,
2.1358749866,
2.1407625675,
2.1358749866,
2.1700880527,
2.1358749866,
2.1358749866,
2.1358749866,
2.1456501483,
2.1505377292,
2.1945259571,
2.4486804008,
2.1309874057,
2.1358749866,
2.1456501483,
2.1554253101,
2.1554253101,
2.1309874057,
2.1554253101,
2.1358749866,
2.1505377292,
2.1847507953,
2.1358749866,
2.1358749866,
2.1407625675,
2.1358749866,
2.1358749866,
2.2140762805,
2.1505377292,
2.1358749866,
2.1603128910,
2.1505377292,
2.1554253101,
2.4926686286,
2.1309874057,
2.1358749866,
2.1358749866,
2.1749756336,
2.1358749866,
2.1358749866,
2.1358749866,
2.1358749866,
2.1505377292,
2.1652004718,
2.2434017658,
2.1358749866,
2.1358749866,
2.1407625675,
2.1554253101,
2.1358749866,
2.4682307243,
2.1554253101,
2.1554253101,
2.1652004718,
2.1603128910,
2.1358749866,
2.1505377292,
2.1358749866,
2.1358749866,
2.1358749866,
2.1798632144,
2.4780058860,
2.1358749866,
2.1554253101,
2.1456501483,
2.1554253101,
2.1358749866,
2.1114368438,
2.1358749866,
2.1358749866,
2.1505377292,
2.1798632144,
2.1358749866,
2.1358749866,
2.1358749866,
2.1358749866,
2.1358749866,
2.2140762805,
2.1505377292,
2.1358749866,
2.1407625675,
2.1505377292,
2.1358749866,
2.4877810478,
2.1309874057,
2.1358749866,
2.1358749866,
2.1603128910,
2.1358749866,
2.1505377292,
2.1358749866,
2.1603128910,
2.1358749866,
2.1798632144,
2.4975562095,
2.1358749866,
2.1309874057,
2.1456501483,
2.1358749866,
2.1358749866,
2.1114368438,
2.1358749866,
2.1358749866,
2.1456501483,
2.1749756336,
2.1358749866,
2.1505377292,
2.1554253101,
2.1358749866,
2.1358749866,
2.2189638614,
2.1358749866,
2.1358749866,
2.1407625675,
2.1700880527,
2.1554253101,
2.4389052391,
2.1358749866,
2.1358749866,
2.1358749866,
2.1700880527,
2.1358749866,
2.1309874057,
2.1554253101,
2.1407625675,
2.1358749866,
2.2140762805,
2.1114368438,
2.1358749866,
2.1358749866,
2.1505377292,
2.1358749866,
2.1358749866,
2.1358749866,
2.1407625675,
2.1358749866,
2.1749756336,
2.5073313713,
2.1358749866,
2.1309874057,
2.1407625675,
2.1358749866,
2.1309874057,
2.3998045921,
2.1505377292,
2.1505377292,
2.1505377292,
2.1749756336,
2.1358749866,
2.1505377292,
2.1358749866,
2.1505377292,
2.1309874057,
2.2091886997,
2.1114368438,
2.1309874057,
2.1554253101,
2.1700880527,
2.1358749866,
2.1358749866,
2.1358749866,
2.1309874057,
2.1309874057,
2.1603128910,
2.2434017658,
2.1358749866,
2.1358749866,
2.1407625675,
2.1358749866,
2.1358749866,
2.4584555625,
2.1358749866,
2.1358749866,
2.1456501483,
2.1652004718,
2.1505377292,
2.1114368438,
2.1358749866,
2.1358749866,
2.1505377292,
2.1798632144,
2.1358749866,
2.1505377292,
2.1358749866,
2.1407625675,
2.1358749866,
2.1945259571,
2.4437928199,
2.1358749866,
2.1358749866,
2.1456501483,
2.1309874057,
2.1358749866,
2.1309874057,
2.1358749866,
2.1358749866,
2.1652004718,
2.1749756336,
2.1358749866,
2.1309874057,
2.1358749866,
2.1505377292,
2.1309874057,
2.2043011188,
2.1358749866,
2.1309874057,
2.1407625675,
2.1456501483,
2.1358749866,
2.5024437904,
2.1309874057,
2.1358749866,
2.1358749866,
2.1700880527,
2.1358749866,
2.1309874057,
2.1358749866,
2.1407625675,
2.1309874057,
2.1652004718,
2.2434017658,
2.1505377292,
2.1358749866,
2.1407625675,
2.1358749866,
2.1309874057,
2.4926686286,
2.1163244247,
2.1309874057,
2.1407625675,
2.1554253101,
2.1358749866,
2.1505377292,
2.1505377292,
2.1358749866,
2.1309874057,
2.1554253101,
2.1847507953,
2.1358749866,
2.1309874057,
2.1358749866,
2.1358749866,
2.1309874057,
2.1847507953,
2.1358749866,
2.1358749866,
2.1407625675,
2.1407625675,
2.1309874057,
2.1896383762,
2.4780058860,
2.1505377292,
2.1309874057,
2.1407625675,
2.1358749866,
2.1309874057,
2.4633431434,
2.1358749866,
2.1358749866,
2.1407625675,
2.1554253101,
2.1505377292,
2.4340176582,
2.1358749866,
2.1358749866,
2.1309874057,
2.1603128910,
2.1358749866,
2.1358749866,
2.1358749866,
2.1554253101,
2.1358749866,
2.1554253101,
2.1896383762,
2.1358749866,
2.1309874057,
2.1358749866,
2.1358749866,
2.1309874057,
2.1945259571,
2.4535679817,
2.1309874057,
2.1358749866,
2.1652004718,
2.1358749866,
2.1358749866,
2.4437928199,
2.1358749866,
2.1505377292,
2.1456501483,
2.1554253101,
2.1358749866,
2.4682307243,
2.1309874057,
2.1505377292,
2.1358749866,
2.1554253101,
2.1358749866,
2.1358749866,
2.1163244247,
2.1554253101,
2.1505377292,
2.1505377292,
2.1749756336,
2.1358749866,
2.1114368438,
2.1358749866,
2.1309874057,
2.1309874057,
2.1749756336,
2.1358749866,
2.1309874057,
2.1554253101,
2.1407625675,
2.1505377292,
2.1749756336,
2.2336266040,
2.1358749866,
2.1309874057,
2.1407625675,
2.1358749866,
2.1358749866,
2.2238514423,
2.3949170112,
2.1309874057,
2.1407625675,
2.1456501483,
2.1358749866,
2.1309874057,
2.3900294303,
2.1309874057,
2.1309874057,
2.1456501483,
2.1652004718,
2.1505377292,
2.1260995864,
2.1358749866,
2.1358749866,
2.1358749866,
2.1847507953,
2.1358749866,
2.1358749866,
2.1358749866,
2.1358749866,
2.1358749866,
2.1798632144,
2.1994135379,
2.1358749866,
2.1358749866,
2.1358749866,
2.1309874057,
2.1358749866,
2.1896383762,
2.1309874057,
2.1505377292,
2.1358749866,
2.1456501483,
2.1309874057,
2.1994135379,
2.4291300773,
2.1309874057,
2.1505377292,
2.1456501483,
2.1358749866,
2.1309874057,
2.3949170112,
2.1358749866,
2.1358749866,
2.1456501483,
2.1652004718,
2.1358749866,
2.1358749866,
2.1358749866,
2.1309874057,
2.1358749866,
2.1700880527,
2.4975562095,
2.1358749866,
2.1358749866,
2.1407625675,
2.1358749866,
2.1309874057,
2.5024437904,
2.1358749866,
2.1309874057,
2.1407625675,
2.1700880527,
2.1358749866,
2.4340176582,
2.1358749866,
2.1358749866,
2.1358749866,
2.1652004718,
2.1358749866,
2.1358749866,
2.1358749866,
2.1407625675,
2.1505377292,
2.1700880527,
2.4877810478,
2.1358749866,
2.1309874057,
2.1407625675,
2.1358749866,
2.1358749866,
2.4193549156,
2.1358749866,
2.1309874057,
2.1505377292,
2.1652004718,
2.1358749866,
2.1260995864,
2.1358749866,
2.1358749866,
2.1358749866,
2.1700880527,
2.1358749866,
2.1358749866,
2.1358749866,
2.1407625675,
2.1358749866,
2.1798632144,
2.4828934669,
2.1358749866,
2.1309874057,
2.1407625675,
2.1358749866,
2.1505377292,
2.4535679817,
2.1554253101,
2.1309874057,
2.1456501483,
2.1798632144,
2.1309874057,
2.1358749866,
2.1309874057,
2.1309874057,
2.1309874057,
2.1749756336,
2.4828934669,
2.1309874057,
2.1358749866,
2.1456501483,
2.1358749866,
2.1358749866,
2.4193549156,
2.1358749866,
2.1309874057,
2.1407625675,
2.1603128910,
2.1358749866,
2.4242424964,
2.1358749866,
2.1358749866,
2.1505377292,
2.1798632144,
2.1505377292,
2.1505377292,
2.1358749866,
2.1358749866,
2.1505377292,
2.1652004718,
2.2385141849,
2.1358749866,
2.1358749866,
2.1407625675,
2.1358749866,
2.1505377292,
2.5122189521,
2.1358749866,
2.1358749866,
2.1407625675,
2.1505377292,
2.1358749866,
2.4828934669,
2.1163244247,
2.1505377292,
2.1309874057,
2.1505377292,
2.1309874057,
2.1358749866,
2.1358749866,
2.1358749866,
2.1358749866,
2.1505377292,
2.1798632144,
2.1358749866,
2.1554253101,
2.1358749866,
2.1309874057,
2.1309874057,
2.1847507953,
2.4780058860,
2.1505377292,
2.1358749866,
2.1407625675,
2.1358749866,
2.1358749866,
2.4780058860,
2.1358749866,
2.1309874057,
2.1407625675,
2.1554253101,
2.1358749866,
2.4731183052,
2.1309874057,
2.1358749866,
2.1309874057,
2.1456501483,
2.1358749866,
2.1309874057,
2.1114368438,
2.1554253101,
2.1309874057,
2.1456501483,
2.1603128910,
2.1358749866,
2.4095797538,
2.1554253101,
2.1358749866,
2.1358749866,
2.1554253101,
2.1358749866,
2.1309874057,
2.1309874057,
2.1358749866,
2.1505377292,
2.1456501483,
2.1700880527,
2.1358749866,
2.1358749866,
2.1358749866,
2.1358749866,
2.1358749866,
2.1554253101,
2.2091886997,
2.1358749866,
2.1358749866,
2.1358749866,
2.1358749866,
2.1554253101,
2.1700880527,
2.1358749866,
2.1358749866,
2.1358749866,
2.1407625675,
2.1358749866,
2.1603128910,
2.2043011188,
2.1358749866,
2.1358749866,
2.1358749866,
2.1358749866,
2.1505377292,
2.1994135379,
2.1358749866,
2.1358749866,
2.1358749866,
2.1358749866,
2.1358749866,
2.1554253101,
2.2091886997,
2.1505377292,
2.1309874057,
2.1358749866,
2.1358749866,
2.1358749866,
2.1700880527,
2.2385141849,
2.1309874057,
2.1358749866,
2.1358749866,
2.1358749866,
2.1309874057,
2.1945259571,
2.1358749866,
2.1505377292,
2.1358749866,
2.1407625675,
2.1309874057,
2.1749756336,
2.2531769275,
2.1358749866,
2.1309874057,
2.1358749866,
2.1505377292,
2.1358749866,
2.1847507953,
2.1358749866,
2.1554253101,
2.1358749866,
2.1407625675,
2.1309874057,
2.1798632144,
2.2091886997,
2.1358749866,
2.1505377292,
2.1407625675,
2.1358749866,
2.1505377292,
2.1700880527,
2.2336266040,
2.1309874057,
2.1358749866,
2.1554253101,
2.1358749866,
2.1309874057,
2.1847507953,
2.1358749866,
2.1505377292,
2.1358749866,
2.1407625675,
2.1505377292,
2.1603128910,
2.1945259571,
2.1309874057,
2.1505377292,
2.1358749866,
2.1309874057,
2.1358749866,
2.1603128910,
2.1358749866,
2.1309874057,
2.1358749866,
2.1358749866,
2.1309874057,
2.1652004718,
2.1798632144,
2.1358749866,
2.1505377292,
2.1163244247,
2.1309874057,
2.1505377292,
2.1603128910,
2.1798632144,
2.1309874057,
2.4926686286,
2.1114368438,
2.1309874057,
2.1554253101,
2.1603128910,
2.1309874057,
2.1505377292,
2.4975562095,
2.1358749866,
2.1309874057,
2.1554253101,
2.1456501483,
2.1309874057,
2.2140762805,
2.4486804008,
2.1358749866,
2.1505377292,
2.1407625675,
2.1309874057,
2.1358749866,
2.2043011188,
2.4389052391,
2.1309874057,
2.1358749866,
2.1407625675,
2.1358749866,
2.1505377292,
2.2043011188,
2.1309874057,
2.1358749866,
2.1358749866,
2.1407625675,
2.1358749866,
2.1798632144,
2.1896383762,
2.1554253101,
2.1114368438,
2.1358749866,
2.1505377292,
2.1309874057,
2.1554253101,
2.1358749866,
2.1505377292,
2.1114368438,
2.1554253101,
2.1309874057,
2.1407625675,
2.1554253101,
2.1309874057,
2.1358749866,
2.1163244247,
2.1505377292,
2.1505377292,
2.1407625675,
2.1554253101,
2.1358749866,
2.4926686286,
2.1114368438,
2.1358749866,
2.1309874057,
2.1603128910,
2.1358749866,
2.1358749866,
2.4828934669,
2.1358749866,
2.1505377292,
2.1358749866,
2.1456501483,
2.1358749866,
2.1994135379,
2.2531769275,
2.1358749866,
2.1309874057,
2.1358749866,
2.1309874057,
2.1358749866,
2.2043011188,
2.4780058860,
2.1505377292,
2.1358749866,
2.1407625675,
2.1358749866,
2.1358749866,
2.1945259571,
2.1358749866,
2.1309874057,
2.1358749866,
2.1603128910,
2.1358749866,
2.1749756336,
2.1847507953,
2.1358749866,
2.1114368438,
2.1554253101,
2.1309874057,
2.1309874057,
2.1505377292,
2.1505377292,
2.1505377292,
2.3362658023,
2.1358749866,
2.1358749866,
2.1407625675,
2.1456501483,
2.1358749866,
2.1309874057,
2.4389052391,
2.1309874057,
2.1505377292,
2.1407625675,
2.1456501483,
2.1554253101,
2.1994135379,
2.4682307243,
2.1505377292,
2.1554253101,
2.1603128910,
2.1505377292,
2.1309874057,
2.2140762805,
2.1358749866,
2.1309874057,
2.1358749866,
2.1407625675,
2.1505377292,
2.1554253101,
2.1749756336,
2.1358749866,
2.1505377292,
2.1358749866,
2.1358749866,
2.1505377292,
2.1456501483,
2.1798632144,
2.1309874057,
2.4633431434,
2.1114368438,
2.1358749866,
2.1358749866,
2.1407625675,
2.1358749866,
2.1309874057,
2.2091886997,
2.1358749866,
2.1309874057,
2.1358749866,
2.1358749866,
2.1309874057,
2.1554253101,
2.1847507953,
2.1358749866,
2.1309874057,
2.1358749866,
2.1358749866,
2.1358749866,
2.1554253101,
2.1749756336,
2.1309874057,
2.3851418495,
2.1554253101,
2.1309874057,
2.1309874057,
2.1456501483,
2.1358749866,
2.1358749866,
2.4975562095,
2.1358749866,
2.1309874057,
2.1358749866,
2.1407625675,
2.1505377292,
2.1652004718,
2.1994135379,
2.1358749866,
2.1505377292,
2.1358749866,
2.1358749866,
2.1309874057,
2.1456501483,
2.1652004718,
2.1309874057,
2.4633431434,
2.1163244247,
2.1309874057,
2.1309874057,
2.1407625675,
2.1358749866,
2.1358749866,
2.2091886997,
2.1358749866,
2.1505377292,
2.1358749866,
2.1358749866,
2.1309874057,
2.1505377292,
2.1749756336,
2.1309874057,
2.1358749866,
2.1358749866,
2.1309874057,
2.1309874057,
2.1456501483,
2.1603128910,
2.1309874057,
2.4584555625,
2.1163244247,
2.1309874057,
2.1358749866,
2.1407625675,
2.1309874057,
2.1309874057,
2.4877810478,
2.1358749866,
2.1358749866,
2.1358749866,
2.1407625675,
2.1358749866,
2.1652004718,
2.2091886997,
2.1309874057,
2.1358749866,
2.1554253101,
2.1309874057,
2.1309874057,
2.1603128910,
2.1994135379,
2.1309874057,
2.1309874057,
2.1358749866,
2.1358749866,
2.1358749866,
2.1554253101,
2.1358749866,
2.1309874057,
2.1309874057,
2.1358749866,
2.1358749866,
2.1456501483,
2.1603128910,
2.1358749866,
2.4633431434,
2.1114368438,
2.1358749866,
2.1309874057,
2.1456501483,
2.1358749866,
2.1358749866,
2.4780058860,
2.1309874057,
2.1309874057,
2.1407625675,
2.1456501483,
2.1358749866,
2.1358749866,
2.4584555625,
2.1358749866,
2.1309874057,
2.1407625675,
2.1456501483,
2.1309874057,
2.2385141849,
2.4144673347,
2.1358749866,
2.1309874057,
2.1407625675,
2.1309874057,
2.1358749866,
2.2434017658,
2.1358749866,
2.1309874057,
2.1358749866,
2.1407625675,
2.1505377292,
2.1945259571,
2.4584555625,
2.1358749866,
2.1358749866,
2.1407625675,
2.1309874057,
2.1358749866,
2.2140762805,
2.4046921730,
2.1358749866,
2.1358749866,
2.1407625675,
2.1309874057,
2.1309874057,
2.4828934669,
2.1309874057,
2.1358749866,
2.1358749866,
2.1456501483,
2.1309874057,
2.2043011188,
2.4193549156,
2.1358749866,
2.1309874057,
2.1407625675,
2.1358749866,
2.1358749866,
2.2482893466,
2.1358749866,
2.1358749866,
2.1407625675,
2.1407625675,
2.1309874057,
2.1847507953,
2.4731183052,
2.1358749866,
2.1358749866,
2.1554253101,
2.1309874057,
2.1505377292,
2.2091886997,
2.4291300773,
2.1358749866,
2.1358749866,
2.1407625675,
2.1358749866,
2.1309874057,
2.4926686286,
2.1358749866,
2.1309874057,
2.1407625675,
2.1456501483,
2.1309874057,
2.2043011188,
2.4242424964,
2.1358749866,
2.1358749866,
2.1407625675,
2.1358749866,
2.1358749866,
2.4926686286,
2.1358749866,
2.1505377292,
2.1358749866,
2.1456501483,
2.1358749866,
2.2043011188,
2.4144673347,
2.1358749866,
2.1358749866,
2.1407625675,
2.1358749866,
2.1358749866,
2.4780058860,
2.1358749866,
2.1358749866,
2.1407625675,
2.1505377292,
2.1358749866,
2.1358749866,
2.1163244247,
2.1358749866,
2.1358749866,
2.1456501483,
2.1700880527,
2.1358749866,
2.1114368438,
2.1358749866,
2.1358749866,
2.1309874057,
2.1700880527,
2.1309874057,
2.1309874057,
2.1358749866,
2.1407625675,
2.1309874057,
2.1749756336,
2.4877810478,
2.1309874057,
2.1309874057,
2.1407625675,
2.1358749866,
2.1358749866,
2.4584555625,
2.1358749866,
2.1358749866,
2.1407625675,
2.1554253101,
2.1358749866,
2.4389052391,
2.1358749866,
2.1309874057,
2.1505377292,
2.1603128910,
2.1358749866,
2.1358749866,
2.1358749866,
2.1407625675,
2.1358749866,
2.1700880527,
2.4975562095,
2.1358749866,
2.1358749866,
2.1407625675,
2.1358749866,
2.1358749866,
2.4682307243,
2.1358749866,
2.1358749866,
2.1456501483,
2.1603128910,
2.1358749866,
2.1358749866,
2.1358749866,
2.1358749866,
2.1358749866,
2.1896383762,
2.3264906406,
2.1358749866,
2.1358749866,
2.1407625675,
2.1358749866,
2.1358749866,
2.4242424964,
2.1358749866,
2.1358749866,
2.1505377292,
2.1798632144,
2.1358749866,
2.1358749866,
2.1407625675,
2.1358749866,
2.1358749866,
2.2287390232,
2.1358749866,
2.1358749866,
2.1456501483,
2.1603128910,
2.1358749866,
2.4046921730,
2.1358749866,
2.1358749866,
2.1358749866,
2.1896383762,
2.1358749866,
2.1358749866,
2.1407625675,
2.1505377292,
2.1358749866,
2.4731183052,
2.1358749866,
2.1309874057,
2.1358749866,
2.1798632144,
2.1358749866,
2.1358749866,
2.1407625675,
2.1505377292,
2.1358749866,
2.4291300773,
2.1358749866,
2.1358749866,
2.1358749866,
2.2238514423,
2.1407625675,
2.1309874057,
2.1456501483,
2.1603128910,
2.1358749866,
2.1309874057,
2.1358749866,
2.1358749866,
2.1358749866,
2.4731183052,
2.1358749866,
2.1358749866,
2.1554253101,
2.1945259571,
2.1358749866,
2.1358749866,
2.1407625675,
2.1358749866,
2.1358749866,
2.1309874057,
2.1358749866,
2.1358749866,
2.1847507953,
2.4095797538,
2.1358749866,
2.1407625675,
2.1652004718,
2.1358749866,
2.1358749866,
2.1407625675,
2.1358749866,
2.1358749866,
2.1114368438,
2.1407625675,
2.1358749866,
2.1700880527,
2.4682307243,
2.1358749866,
2.1358749866,
2.1554253101,
2.1358749866,
2.1358749866,
2.1407625675,
2.1505377292,
2.1358749866,
2.4046921730,
2.1407625675,
2.1358749866,
2.1358749866,
2.4731183052,
2.1407625675,
2.1358749866,
2.1603128910,
2.2287390232,
2.1358749866,
2.1358749866,
2.1505377292,
2.1358749866,
2.1358749866,
2.1358749866,
2.1456501483,
2.1358749866,
2.4486804008,
2.1358749866,
2.1358749866,
2.1358749866,
2.4877810478,
2.1358749866,
2.1358749866,
2.1554253101,
2.2238514423,
2.1358749866,
2.1407625675,
2.1505377292,
2.1358749866,
2.1358749866,
2.1407625675,
2.1358749866,
2.1358749866,
2.4095797538,
2.1358749866,
2.1358749866,
2.1749756336,
2.4535679817,
2.1358749866,
2.1358749866,
2.1603128910,
2.1358749866,
2.1358749866,
2.1407625675,
2.1603128910,
2.1358749866,
2.1358749866,
2.1407625675,
2.1358749866,
2.1358749866,
2.1163244247,
2.1407625675,
2.1358749866,
2.1896383762,
2.1114368438,
2.1358749866,
2.1358749866,
2.1749756336,
2.1358749866,
2.1358749866,
2.1456501483,
2.1749756336,
2.1358749866,
2.1554253101,
2.1407625675,
2.1358749866,
2.1358749866,
2.1358749866,
2.1358749866,
2.1358749866,
2.2385141849,
2.1358749866,
2.1358749866,
2.1554253101,
2.2189638614,
2.1358749866,
2.1358749866,
2.1505377292,
2.1358749866,
2.1358749866,
2.1407625675,
2.1505377292,
2.1358749866,
2.1114368438,
2.1358749866,
2.1358749866,
2.1358749866,
2.3949170112,
2.1358749866,
2.1358749866,
2.1749756336,
2.4242424964,
2.1358749866,
2.1358749866,
2.1700880527,
2.1358749866,
2.1358749866,
2.1456501483,
2.1749756336,
2.1309874057,
2.1407625675,
2.1456501483,
2.1358749866,
2.1358749866,
2.1407625675,
2.1554253101,
2.1358749866,
2.4437928199,
2.1358749866,
2.1358749866,
2.1749756336,
2.4584555625,
2.1358749866,
2.1358749866,
2.1700880527,
2.1358749866,
2.1358749866,
2.1456501483,
2.1700880527,
2.1358749866,
2.1358749866,
2.1456501483,
2.1358749866,
2.1505377292,
2.1358749866,
2.1456501483,
2.1358749866,
2.4486804008,
2.1407625675,
2.1358749866,
2.1358749866,
2.4682307243,
2.1358749866,
2.1358749866,
2.1700880527,
2.4242424964,
2.1358749866,
2.1407625675,
2.1700880527,
2.1358749866,
2.1358749866,
2.1456501483,
2.1358749866,
2.1358749866,
2.1358749866,
2.1456501483,
2.1358749866,
2.4731183052,
2.1358749866,
3.0400781631,
2.1358749866,
2.4486804008,
2.1407625675,
2.1358749866,
2.1749756336,
2.4389052391,
2.1554253101,
2.1358749866,
2.1798632144,
2.1554253101,
2.1309874057,
